# Time per CG iteration
# Size CSR-Standard (Default|Tuned)   CSR-Improved (D|T)    CSR-ImprovedCustom (D|T)     ELL-Standard (D|T)     ELL-Improved (D|T)    ELL-ImprovedCustom (D|T)
64   0.00022628  0.00022406    0.00030176  0.00030186    6.908e-05  6.646e-05    0.00022564  0.00022308    0.00030084  0.00030256    7.004e-05  6.6e-05    
128   0.00022514  0.00022488    0.00030252  0.00030318    7.118e-05  6.894e-05    0.00022484  0.00022422    0.00030348  0.0003035    6.898e-05  6.822e-05    
256   0.00022332  0.00022432    0.00030028  0.00030166    6.908e-05  6.848e-05    0.00022526  0.00022472    0.00030096  0.00030116    6.962e-05  6.856e-05    
512   0.00022508  0.00022648    0.0003047  0.00030584    7.084e-05  6.902e-05    0.00022514  0.00022498    0.00030474  0.0003063    7.078e-05  6.984e-05    
1024   0.00022344  0.00022376    0.00030082  0.00025524    6.364e-05  6.512e-05    0.00018364  0.0001841    0.0002481  0.00024704    6.53e-05  6.334e-05    
2048   0.00018342  0.00018282    0.00024992  0.00024856    6.152e-05  6.458e-05    0.00018368  0.00018288    0.0002469  0.00024888    6.564e-05  6.6e-05    
4096   0.00018476  0.0001837    0.00024792  0.00024908    6.612e-05  6.564e-05    0.00018312  0.0001842    0.0002516  0.0002479    6.526e-05  6.58e-05    
8192   0.0001856  0.00018372    0.00024978  0.00024796    6.608e-05  6.66e-05    0.00018524  0.00018514    0.00024876  0.00024964    6.542e-05  6.46e-05    
16384   0.00018834  0.00018646    0.00024928  0.0002515    7.542e-05  7.53e-05    0.00018622  0.0001879    0.00025082  0.000248    7.524e-05  7.558e-05    
32768   0.00020664  0.00020644    0.0002646  0.00025954    8.756e-05  9.48e-05    0.00020572  0.00020702    0.00026018  0.00025986    8.848e-05  9.344e-05    
65536   0.00023958  0.00023708    0.0002952  0.00029342    0.0001279  0.00012542    0.00024058  0.00023688    0.00029864  0.00029482    0.0001232  0.00012888    
131072   0.00030916  0.0003036    0.00037196  0.00036278    0.00019636  0.0001986    0.00030888  0.00030122    0.00037052  0.00036402    0.0001972  0.00020024    
262144   0.00044262  0.00043076    0.00053002  0.00052024    0.00033324  0.0003343    0.00044508  0.00043088    0.00053198  0.00051792    0.00033246  0.00033524    
524288   0.00077078  0.00075944    0.00087296  0.00086458    0.00060484  0.0006051    0.00076968  0.00075968    0.00087094  0.00086242    0.00060468  0.00060522    
1048576   0.00138402  0.00136932    0.00150336  0.001487    0.00114852  0.0011433    0.0013865  0.00137052    0.0015113  0.00148594    0.00114908  0.00114474    
2097152   0.00264762  0.00261664    0.00281872  0.00278876    0.00224156  0.0022303    0.0026491  0.00261804    0.00281882  0.00278882    0.00224184  0.00223064    
4194304   0.00512676  0.00506866    0.00537012  0.00531228    0.0044153  0.00440422    0.00512732  0.00507274    0.00537076  0.0053142    0.0044154  0.00440362    
